Group	Taxon	Acromyrmex_echinatior	Aedes_aegypti	Aedes_albopictus	Aethina_tumida	Agrilus_planipennis	Amyelois_transitella	Anopheles_gambiae_str._PEST	Anoplophora_glabripennis	Apis_mellifera	Athalia_rosae	Atta_cephalotes	Bactrocera_oleae	Bicyclus_anynana	Bombus_impatiens	Bombyx_mori	Cephus_cinctus	Ceratitis_capitata	Ctenocephalides_felis	Culex_quinquefasciatus	Dendroctonus_ponderosae	Drosophila_melanogaster	Glossina_morsitans_Yale	Harpegnathos_saltator	Helicoverpa_armigera	Heliothis_virescens	Hyposmocoma_kahamanoa	Leptinotarsa_decemlineata	Linepithema_humile	Lucilia_cuprina	Lutzomyia_longipalpis_Jacobina	Megachile_rotundata	Musca_domestica	Nasonia_vitripennis	Nicrophorus_vespilloides	Onthophagus_taurus	Operophtera_brumata	Oryctes_borbonicus	Papilio_machaon	Papilio_polytes	Papilio_xuthus	Phlebotomus_papatasi_Israel	Pieris_rapae	Plutella_xylostella	Pogonomyrmex_barbatus	Rhagoletis_zephyria	Solenopsis_invicta	Spodoptera_litura	Stomoxys_calcitrans	Tribolium_castaneum	Trichogramma_pretiosum	Zeugodacus_cucurbitae
Hymenoptera	Acromyrmex_echinatior	52427	57839	57814	57159	57179	57678	57979	57088	54388	54740	53224	58124	57631	54366	57653	54472	58115	57432	58023	57247	58070	58383	53629	57711	58050	57736	57329	53452	58088	58642	54326	58098	55345	57105	57057	58363	58343	57727	57831	57684	58501	57636	57870	53389	57697	53195	57589	58104	57071	55888	58124
Diptera	Aedes_aegypti	57839	51506	51893	57336	57436	57596	54646	57315	57824	57631	57896	56910	57613	57840	57617	57637	56864	57184	53422	57413	56800	57344	57781	57650	57994	57687	57472	57789	56869	57352	57804	56877	57840	57292	57266	58309	58518	57660	57789	57653	57149	57596	57840	57818	56661	57762	57541	56881	57303	57857	56894
Diptera	Aedes_albopictus	57814	51893	50841	57319	57412	57566	54545	57260	57820	57611	57877	56871	57582	57818	57582	57621	56826	57141	53248	57395	56764	57311	57751	57622	57961	57644	57453	57751	56824	57301	57772	56831	57798	57271	57211	58281	58506	57622	57771	57625	57085	57574	57808	57799	56560	57708	57509	56839	57287	57828	56849
Coleoptera	Aethina_tumida	57159	57336	57319	52407	55288	57207	57515	54286	57153	56972	57255	57774	57164	57143	57162	56939	57735	56936	57566	54789	57654	58047	57113	57223	57621	57257	54750	57115	57747	58255	57138	57735	57220	54872	54955	57996	56851	57247	57385	57223	58148	57141	57457	57165	57347	57098	57134	57738	54411	57339	57745
Coleoptera	Agrilus_planipennis	57179	57436	57412	55288	52599	57229	57612	55134	57176	56978	57293	57822	57205	57175	57201	56953	57798	56978	57669	55485	57746	58121	57126	57250	57655	57283	55453	57142	57799	58369	57137	57809	57229	55194	55144	58003	57014	57289	57440	57261	58190	57194	57486	57185	57374	57074	57153	57817	55127	57351	57819
Lepidoptera	Amyelois_transitella	57678	57596	57566	57207	57229	51433	57789	57095	57656	57483	57760	57940	53207	57646	53170	57490	57928	57303	57777	57304	57868	58223	57612	53124	53914	53296	57278	57640	57899	58483	57631	57948	57689	57177	57055	55072	58385	53399	53664	53273	58351	53292	54019	57684	57496	57569	52979	57935	57137	57773	57934
Diptera	Anopheles_gambiae_str._PEST	57979	54646	54545	57515	57612	57789	53320	57529	57967	57779	58026	57052	57790	57963	57790	57808	57015	57388	54899	57582	56936	57461	57925	57829	58140	57881	57660	57937	57018	57533	57962	57044	57975	57499	57471	58452	58609	57822	57950	57821	57356	57787	58009	57955	56850	57924	57743	57062	57478	58012	57047
Coleoptera	Anoplophora_glabripennis	57088	57315	57260	54286	55134	57095	57529	51914	57113	56896	57206	57764	57057	57115	57086	56845	57734	56844	57551	54574	57675	58051	57014	57118	57547	57144	54080	57010	57698	58272	57054	57715	57117	54827	54773	57921	56782	57131	57301	57122	58119	57059	57370	57111	57260	56950	56997	57744	54195	57249	57739
Hymenoptera	Apis_mellifera	54388	57824	57820	57153	57176	57656	57967	57113	52648	54644	54583	58127	57639	53340	57643	54325	58119	57398	58005	57249	58058	58391	54295	57680	58042	57751	57335	54358	58102	58657	53480	58113	55317	57073	57074	58358	58344	57713	57821	57672	58537	57618	57883	54410	57734	54295	57594	58118	57062	55896	58131
Hymenoptera	Athalia_rosae	54740	57631	57611	56972	56978	57483	57779	56896	54644	52532	54917	57962	57449	54631	57471	53888	57946	57213	57838	57042	57880	58246	54656	57512	57903	57569	57129	54687	57907	58532	54605	57925	55187	56870	56813	58235	58205	57525	57660	57503	58397	57440	57709	54744	57534	54612	57389	57940	56857	55732	57958
Hymenoptera	Atta_cephalotes	53224	57896	57877	57255	57293	57760	58026	57206	54583	54917	52898	58172	57732	54560	57755	54685	58170	57523	58073	57351	58121	58436	53860	57800	58119	57844	57447	53713	58160	58690	54540	58163	55506	57212	57184	58438	58398	57816	57916	57785	58564	57718	57966	53631	57789	53488	57693	58173	57183	56041	58177
Diptera	Bactrocera_oleae	58124	56910	56871	57774	57822	57940	57052	57764	58127	57962	58172	51576	57912	58126	57944	57982	52452	57598	57143	57841	54822	55550	58088	57974	58282	58001	57920	58077	54603	57934	58100	54686	58127	57741	57726	58576	58806	57957	58092	57962	57784	57928	58118	58117	52586	58060	57882	54763	57742	58151	52170
Lepidoptera	Bicyclus_anynana	57631	57613	57582	57164	57205	53207	57790	57057	57639	57449	57732	57912	51348	57639	53187	57474	57893	57274	57784	57253	57843	58185	57582	53182	53923	53366	57248	57594	57878	58499	57597	57899	57652	57157	57062	55106	58375	53314	53591	53207	58374	53106	54075	57645	57493	57536	53007	57911	57103	57732	57917
Hymenoptera	Bombus_impatiens	54366	57840	57818	57143	57175	57646	57963	57115	53340	54631	54560	58126	57639	52649	57639	54307	58117	57384	58010	57242	58062	58392	54275	57677	58031	57743	57324	54317	58099	58660	53431	58110	55284	57064	57055	58366	58335	57710	57824	57667	58531	57614	57880	54404	57720	54273	57588	58119	57071	55887	58126
Lepidoptera	Bombyx_mori	57653	57617	57582	57162	57201	53170	57790	57086	57643	57471	57755	57944	53187	57639	51243	57487	57929	57326	57797	57287	57873	58212	57600	53042	53819	53377	57270	57622	57900	58505	57605	57943	57678	57151	57060	55082	58387	53451	53721	53287	58364	53233	54065	57669	57551	57561	52925	57944	57103	57776	57939
Hymenoptera	Cephus_cinctus	54472	57637	57621	56939	56953	57490	57808	56845	54325	53888	54685	57982	57474	54307	57487	51857	57958	57219	57845	57035	57914	58266	54339	57524	57902	57561	57098	54412	57929	58533	54258	57956	54965	56867	56808	58240	58207	57548	57676	57515	58382	57451	57708	54477	57516	54294	57403	57969	56833	55621	57977
Diptera	Ceratitis_capitata	58115	56864	56826	57735	57798	57928	57015	57734	58119	57946	58170	52452	57893	58117	57929	57958	51619	57561	57122	57796	54747	55502	58081	57955	58271	57993	57881	58073	54529	57915	58086	54618	58113	57703	57687	58586	58791	57960	58096	57955	57766	57918	58110	58110	52574	58060	57863	54686	57690	58133	52373
Siphonaptera	Ctenocephalides_felis	57432	57184	57141	56936	56978	57303	57388	56844	57398	57213	57523	57598	57274	57384	57326	57219	57561	53168	57377	57000	57513	57916	57368	57372	57741	57401	57057	57358	57544	58107	57342	57551	57443	56838	56781	58070	58215	57357	57519	57346	57967	57293	57582	57426	57206	57329	57261	57573	56851	57510	57583
Diptera	Culex_quinquefasciatus	58023	53422	53248	57566	57669	57777	54899	57551	58005	57838	58073	57143	57784	58010	57797	57845	57122	57377	51719	57644	57046	57502	57968	57827	58108	57863	57687	57973	57125	57487	57989	57143	58011	57530	57513	58410	58651	57835	57963	57832	57234	57791	58008	58002	56871	57957	57731	57156	57540	58054	57147
Coleoptera	Dendroctonus_ponderosae	57247	57413	57395	54789	55485	57304	57582	54574	57249	57042	57351	57841	57253	57242	57287	57035	57796	57000	57644	52551	57716	58070	57200	57299	57699	57368	54881	57209	57771	58338	57229	57799	57306	55167	55203	58048	57028	57342	57468	57308	58199	57247	57498	57251	57404	57191	57205	57806	54743	57420	57814
Diptera	Drosophila_melanogaster	58070	56800	56764	57654	57746	57868	56936	57675	58058	57880	58121	54822	57843	58062	57873	57914	54747	57513	57046	57716	51702	55703	58029	57886	58227	57941	57798	58038	54738	57899	58053	54786	58054	57620	57618	58523	58752	57900	58021	57882	57776	57855	58059	58054	54773	58031	57794	54823	57617	58076	54787
Diptera	Glossina_morsitans_Yale	58383	57344	57311	58047	58121	58223	57461	58051	58391	58246	58436	55550	58185	58392	58212	58266	55502	57916	57502	58070	55703	53585	58342	58226	58485	58279	58186	58358	54858	58155	58354	55002	58388	58027	58013	58759	58950	58250	58347	58223	58028	58195	58338	58380	55446	58348	58118	55038	58017	58425	55521
Hymenoptera	Harpegnathos_saltator	53629	57781	57751	57113	57126	57612	57925	57014	54295	54656	53860	58088	57582	54275	57600	54339	58081	57368	57968	57200	58029	58342	52235	57642	58008	57691	57262	53488	58041	58617	54257	58050	55267	57063	56991	58341	58304	57672	57799	57642	58472	57587	57848	53590	57641	53378	57532	58053	57024	55835	58090
Lepidoptera	Helicoverpa_armigera	57711	57650	57622	57223	57250	53124	57829	57118	57680	57512	57800	57974	53182	57677	53042	57524	57955	57372	57827	57299	57886	58226	57642	50830	52660	53295	57320	57662	57915	58524	57654	57960	57726	57188	57101	55019	58438	53399	53656	53273	58395	53302	54039	57701	57568	57606	52016	57959	57152	57801	57963
Lepidoptera	Heliothis_virescens	58050	57994	57961	57621	57655	53914	58140	57547	58042	57903	58119	58282	53923	58031	53819	57902	58271	57741	58108	57699	58227	58485	58008	52660	51340	54057	57689	58022	58249	58747	58005	58275	58065	57604	57515	55318	58651	54165	54358	54055	58637	54092	54617	58062	57885	57967	52980	58270	57569	58145	58272
Lepidoptera	Hyposmocoma_kahamanoa	57736	57687	57644	57257	57283	53296	57881	57144	57751	57569	57844	58001	53366	57743	53377	57561	57993	57401	57863	57368	57941	58279	57691	53295	54057	51446	57343	57709	57973	58543	57693	58006	57763	57242	57117	55186	58444	53581	53877	53477	58417	53494	54179	57752	57571	57656	53172	57998	57199	57849	58005
Coleoptera	Leptinotarsa_decemlineata	57329	57472	57453	54750	55453	57278	57660	54080	57335	57129	57447	57920	57248	57324	57270	57098	57881	57057	57687	54881	57798	58186	57262	57320	57689	57343	52221	57294	57858	58367	57281	57863	57331	55202	55163	58032	56982	57342	57507	57312	58225	57260	57551	57354	57435	57210	57198	57871	54668	57473	57886
Hymenoptera	Linepithema_humile	53452	57789	57751	57115	57142	57640	57937	57010	54358	54687	53713	58077	57594	54317	57622	54412	58073	57358	57973	57209	58038	58358	53488	57662	58022	57709	57294	52402	58044	58623	54285	58051	55267	57060	56997	58355	58308	57688	57811	57666	58472	57611	57851	53518	57614	53227	57555	58064	57033	55853	58084
Diptera	Lucilia_cuprina	58088	56869	56824	57747	57799	57899	57018	57698	58102	57907	58160	54603	57878	58099	57900	57929	54529	57544	57125	57771	54738	54858	58041	57915	58249	57973	57858	58044	51331	57893	58076	53282	58073	57696	57661	58557	58790	57936	58065	57930	57730	57901	57920	58090	54350	58029	57645	53365	57689	58110	54567
Diptera	Lutzomyia_longipalpis_Jacobina	58642	57352	57301	58255	58369	58483	57533	58272	58657	58532	58690	57934	58499	58660	58505	58533	57915	58107	57487	58338	57899	58155	58617	58524	58747	58543	58367	58623	57893	54538	58625	57922	58672	58241	58246	58948	59089	58539	58612	58495	56276	58503	58648	58635	57693	58594	58451	57918	58242	58708	57940
Hymenoptera	Megachile_rotundata	54326	57804	57772	57138	57137	57631	57962	57054	53480	54605	54540	58100	57597	53431	57605	54258	58086	57342	57989	57229	58053	58354	54257	57654	58005	57693	57281	54285	58076	58625	52408	58076	55256	57049	57010	58331	58314	57674	57803	57630	58493	57596	57847	54357	57663	54212	57553	58091	57058	55847	58105
Diptera	Musca_domestica	58098	56877	56831	57735	57809	57948	57044	57715	58113	57925	58163	54686	57899	58110	57943	57956	54618	57551	57143	57799	54786	55002	58050	57960	58275	58006	57863	58051	53282	57922	58076	51603	58101	57698	57686	58562	58793	57982	58103	57970	57748	57942	58118	58101	54581	58040	57867	52711	57701	58134	54665
Hymenoptera	Nasonia_vitripennis	55345	57840	57798	57220	57229	57689	57975	57117	55317	55187	55506	58127	57652	55284	57678	54965	58113	57443	58011	57306	58054	58388	55267	57726	58065	57763	57331	55267	58073	58672	55256	58101	52357	57150	57090	58402	58360	57733	57868	57721	58532	57670	57912	55350	57638	55192	57606	58114	57130	54759	58123
Coleoptera	Nicrophorus_vespilloides	57105	57292	57271	54872	55194	57177	57499	54827	57073	56870	57212	57741	57157	57064	57151	56867	57703	56838	57530	55167	57620	58027	57063	57188	57604	57242	55202	57060	57696	58241	57049	57698	57150	52464	54695	57965	56796	57249	57391	57197	58101	57132	57456	57111	57310	57051	57100	57724	54624	57292	57718
Coleoptera	Onthophagus_taurus	57057	57266	57211	54955	55144	57055	57471	54773	57074	56813	57184	57726	57062	57055	57060	56808	57687	56781	57513	55203	57618	58013	56991	57101	57515	57117	55163	56997	57661	58246	57010	57686	57090	54695	52109	57899	56386	57140	57302	57107	58074	57044	57363	57051	57191	56909	56960	57697	54689	57230	57702
Lepidoptera	Operophtera_brumata	58363	58309	58281	57996	58003	55072	58452	57921	58358	58235	58438	58576	55106	58366	55082	58240	58586	58070	58410	58048	58523	58759	58341	55019	55318	55186	58032	58355	58557	58948	58331	58562	58402	57965	57899	52379	58948	55160	55437	55233	58778	55208	55560	58379	58167	58296	54967	58575	57952	58451	58578
Coleoptera	Oryctes_borbonicus	58343	58518	58506	56851	57014	58385	58609	56782	58344	58205	58398	58806	58375	58335	58387	58207	58791	58215	58651	57028	58752	58950	58304	58438	58651	58444	56982	58308	58790	59089	58314	58793	58360	56796	56386	58948	55252	58446	58512	58385	58974	58364	58569	58348	58475	58291	58365	58789	56754	58464	58798
Lepidoptera	Papilio_machaon	57727	57660	57622	57247	57289	53399	57822	57131	57713	57525	57816	57957	53314	57710	53451	57548	57960	57357	57835	57342	57900	58250	57672	53399	54165	53581	57342	57688	57936	58539	57674	57982	57733	57249	57140	55160	58446	51272	52697	52142	58402	53379	54215	57738	57562	57631	53270	57978	57183	57818	57969
Lepidoptera	Papilio_polytes	57831	57789	57771	57385	57440	53664	57950	57301	57821	57660	57916	58092	53591	57824	53721	57676	58096	57519	57963	57468	58021	58347	57799	53656	54358	53877	57507	57811	58065	58612	57803	58103	57868	57391	57302	55437	58512	52697	51808	52498	58505	53656	54390	57853	57735	57783	53532	58101	57329	57940	58096
Lepidoptera	Papilio_xuthus	57684	57653	57625	57223	57261	53273	57821	57122	57672	57503	57785	57962	53207	57667	53287	57515	57955	57346	57832	57308	57882	58223	57642	53273	54055	53477	57312	57666	57930	58495	57630	57970	57721	57197	57107	55233	58385	52142	52498	50749	58367	53221	54146	57707	57540	57635	53104	57971	57152	57794	57965
Diptera	Phlebotomus_papatasi_Israel	58501	57149	57085	58148	58190	58351	57356	58119	58537	58397	58564	57784	58374	58531	58364	58382	57766	57967	57234	58199	57776	58028	58472	58395	58637	58417	58225	58472	57730	56276	58493	57748	58532	58101	58074	58778	58974	58402	58505	58367	54127	58381	58525	58506	57492	58436	58304	57767	58115	58567	57797
Lepidoptera	Pieris_rapae	57636	57596	57574	57141	57194	53292	57787	57059	57618	57440	57718	57928	53106	57614	53233	57451	57918	57293	57791	57247	57855	58195	57587	53302	54092	53494	57260	57611	57901	58503	57596	57942	57670	57132	57044	55208	58364	53379	53656	53221	58381	51674	54177	57651	57539	57565	53164	57938	57071	57731	57926
Lepidoptera	Plutella_xylostella	57870	57840	57808	57457	57486	54019	58009	57370	57883	57709	57966	58118	54075	57880	54065	57708	58110	57582	58008	57498	58059	58338	57848	54039	54617	54179	57551	57851	57920	58648	57847	58118	57912	57456	57363	55560	58569	54215	54390	54146	58525	54177	51579	57886	57617	57783	53810	58118	57397	57979	58121
Hymenoptera	Pogonomyrmex_barbatus	53389	57818	57799	57165	57185	57684	57955	57111	54410	54744	53631	58117	57645	54404	57669	54477	58110	57426	58002	57251	58054	58380	53590	57701	58062	57752	57354	53518	58090	58635	54357	58101	55350	57111	57051	58379	58348	57738	57853	57707	58506	57651	57886	52470	57695	53221	57599	58113	57095	55922	58134
Diptera	Rhagoletis_zephyria	57697	56661	56560	57347	57374	57496	56850	57260	57734	57534	57789	52586	57493	57720	57551	57516	52574	57206	56871	57404	54773	55446	57641	57568	57885	57571	57435	57614	54350	57693	57663	54581	57638	57310	57191	58167	58475	57562	57735	57540	57492	57539	57617	57695	49587	57555	57328	54670	57283	57722	52578
Hymenoptera	Solenopsis_invicta	53195	57762	57708	57098	57074	57569	57924	56950	54295	54612	53488	58060	57536	54273	57561	54294	58060	57329	57957	57191	58031	58348	53378	57606	57967	57656	57210	53227	58029	58594	54212	58040	55192	57051	56909	58296	58291	57631	57783	57635	58436	57565	57783	53221	57555	51754	57480	58059	56982	55770	58068
Lepidoptera	Spodoptera_litura	57589	57541	57509	57134	57153	52979	57743	56997	57594	57389	57693	57882	53007	57588	52925	57403	57863	57261	57731	57205	57794	58118	57532	52016	52980	53172	57198	57555	57645	58451	57553	57867	57606	57100	56960	54967	58365	53270	53532	53104	58304	53164	53810	57599	57328	57480	50353	57863	57056	57695	57877
Diptera	Stomoxys_calcitrans	58104	56881	56839	57738	57817	57935	57062	57744	58118	57940	58173	54763	57911	58119	57944	57969	54686	57573	57156	57806	54823	55038	58053	57959	58270	57998	57871	58064	53365	57918	58091	52711	58114	57724	57697	58575	58789	57978	58101	57971	57767	57938	58118	58113	54670	58059	57863	51794	57723	58139	54715
Coleoptera	Tribolium_castaneum	57071	57303	57287	54411	55127	57137	57478	54195	57062	56857	57183	57742	57103	57071	57103	56833	57690	56851	57540	54743	57617	58017	57024	57152	57569	57199	54668	57033	57689	58242	57058	57701	57130	54624	54689	57952	56754	57183	57329	57152	58115	57071	57397	57095	57283	56982	57056	57723	52076	57249	57708
Hymenoptera	Trichogramma_pretiosum	55888	57857	57828	57339	57351	57773	58012	57249	55896	55732	56041	58151	57732	55887	57776	55621	58133	57510	58054	57420	58076	58425	55835	57801	58145	57849	57473	55853	58110	58708	55847	58134	54759	57292	57230	58451	58464	57818	57940	57794	58567	57731	57979	55922	57722	55770	57695	58139	57249	53270	58145
Diptera	Zeugodacus_cucurbitae	58124	56894	56849	57745	57819	57934	57047	57739	58131	57958	58177	52170	57917	58126	57939	57977	52373	57583	57147	57814	54787	55521	58090	57963	58272	58005	57886	58084	54567	57940	58105	54665	58123	57718	57702	58578	58798	57969	58096	57965	57797	57926	58121	58134	52578	58068	57877	54715	57708	58145	51572
